216
4
112
242
226
202
174
58
87
95
185
85
21
203
84
131
118
170
143
124
156
206
68
43
149
139
157
47
49
175
6
42
115
262
146
224
76
194
223
108
207
260
56
195
232
72
62
263
107
41
229
79
145
92
241
53
9
24
36
177
119
244
71
100
256
15
193
209
240
171
102
153
23
109
60
13
12
238
188
190
219
11
22
59
168
78
210
246
82
39
31
111
249
17
265
178
158
264
121
14
217
120
64
161
35
169
19
94
230
196
63
1
172
236
45
135
10
155
8
184
250
255
129
27
90
132
116
51
57
114
67
259
7
141
218
20
2
231
66
83
208
165
237
197
212
187
179
34
86
136
148
151
125
247
96
98
221
234
166
40
80
126
37
225
205
257
89
245
248
38
162
140
28
147
117
154
176
239
48
142
186
160
220
123
191
183
30
91
25
252
16
32
122
204
137
69
228
106
134
201
74
258
222
128
253
180
181
127
235
150
192
214
152
5
101
44
163
261
182
18
164
88
70
26
167
251
233
243
189
77
173
144
65
52
133
46
81
75
54
198
3
254
73
93
138
33
200
55
113
211
50
130
97
227
159
29
215
61
213