174
67
120
148
95
121
73
231
70
181
258
56
75
79
205
218
94
160
239
162
40
125
76
183
117
250
68
230
93
142
50
152
178
71
115
177
23
116
219
25
159
52
242
201
256
223
21
108
147
15
20
253
41
225
28
91
173
31
221
137
224
11
48
236
97
157
49
212
124
207
22
260
39
101
153
186
238
211
4
36
226
17
136
46
90
14
1
2
12
146
138
130
154
3
247
232
235
63
57
216
229
254
131
191
168
215
45
37
55
139
7
151
241
259
240
18
203
196
87
220
209
179
38
59
214
143
80
106
62
53
102
29
193
43
158
161
252
171
166
262
65
89
133
114
163
140
47
128
182
257
188
169
16
92
85
78
8
155
34
64
126
42
107
145
72
190
100
264
82
165
69
98
245
206
134
237
135
175
189
202
81
227
96
74
141
197
26
61
265
198
119
112
195
217
210
19
194
149
251
13
83
9
30
170
24
261
167
6
213
66
249
200
164
113
255
86
54
150
233
246
35
51
60
263
88
243
180
132
244
144
10
185
33
222
127
192
111
234
228
208
77
184
129
123
122
58
32
248